3.3607690540642774
20.572363177584165
4.956101147924639
-16.945181217798613
-17.531140209370424
1.4540481305182587
8.796439423841969
10.633652453459453
-47.429633948823735
-3.462102985353405
14.474635867931893
23.714983765123616
4.415939226896519
16.583041350447708
9.463718977715128
-46.368549304526425
-13.772812410469498
-15.33555440112656
7.922792191808634
7.2274108276724425
-0.6165806879034696
15.37401824810153
2.1104233101262504
-10.075782096571395
-3.187832765665833
-0.3221274057327611
3.9913407974718034
7.81018993010105
-39.32705405559466
-4.310922223185656
10.413694653878077
16.088874990297043
-0.23394552664738422
10.624182187601708
2.575752702538627
-30.729683691935417
-5.602236593250932
-9.6286299359404
6.670104930912805
1.1071343489189922
0.4758723643188132
18.680139298744454
7.213314347772924
-9.392330694804077
-16.630076739482607
4.626114181011409
9.460999204905288
7.337725464501799
-23.047563094543076
0.3275308997835902
13.221323993086916
22.002745592662173
3.4874293610166323
16.78414801596763
7.978180493354284
-72.9439610470454
-11.70481435427386
-14.986483622207292
4.283185235259439
5.557442217491137
1.9816641843980003
10.900252472125034
-1.0635396099724752
-9.638047971654673
-3.614489097031145
0.9780504711551056
0.11832050252307091
3.133264361458962
-32.52510110123406
-5.030965612559803
12.196644794111407
16.050003454157608
-4.293582489380462
10.635255584264847
4.995527102117524
-22.33699334878666
-8.353538072906948
-9.060519405356462
5.931147101820322
1.72756779827087
1.2283314301943946
13.948739677445626
6.438941887883343
-9.268677422898685
-17.100891357951816
5.33728523703695
6.704074908198471
-2.179425612555903
-19.595486230421614
-0.4524522860576712
14.06193559969762
22.57336312152409
1.177646230622742
17.761624314407207
9.314069002583794
-53.53362205625846
-15.042730906947689
-15.241151111721637
1.7561142879376712
4.843232404801812
-1.0600067158469044
9.21352349536771
-1.898697399174222
-6.260231526381599
-0.8046683065448805
-0.2867122303682518
-0.22164462733644985
2.650065260359377
-22.445373535980455
-3.7842055706049877
7.015374921857556
11.33502756148935
-4.816038868300262
9.001952803460453
3.125315037234251
-19.116405436183555
-5.884999733853489
-6.647287362198456
2.439946490166791
1.175986860358087
-0.30719056312850546
12.007940404895294
6.604539275687754
-6.701850824098736
-17.67617992821897
4.840692224228366
2.9724242407309487
-7.008465474019761
-16.893285265300733
-0.6524297825273933
13.246474640111149
19.66215484532853
1.6882080296199393
16.008298950426607
7.309151834462858
-41.69654731001494
-12.58400153741599
-14.000088049289305
2.753933319555385
3.1571420864875317
-0.5581751155452594
5.360786511954386
-0.6481203985785409
-5.144349967270147
-1.2157183595940064
-1.4091884523777245
1.1149920343931994
2.524325767011225
-16.531754476757463
-2.1084356568476528
5.224268318375824
7.340349398725916
-2.601151083886963
7.168246533928631
2.285523516114032
-16.59988468391187
-5.640754148063831
-5.629684719286619
0.586913672801525
-0.787267573664511
-3.6612908079149205
8.895476619642459
4.337281961855368
-3.3306897087702145
-11.551309738971549
0.7061560951152293
1.529006582573286
-3.571479555541989
-12.637674510127077
0.16072633707930506
7.9942775567740485
13.988423022097557
1.9560733759189195
12.663047903806735
3.5392272999510235
-26.672142080976325
-8.520746143301173
-10.845373188864306
-3.3071665060696054
1.0590966032433173
-2.21627290440828
5.311466482036617
-0.9778128644505681
-5.092722233409539
-0.6547478562133477
-0.2385877484070439
0.6594240147031551
1.4253546912850417
-12.003576257882335
-1.3479313861235989
3.615342800832155
5.609056576880995
-2.987551943759172
5.220304566112428
1.1160083251965736
-12.309553937627111
-4.149871399360751
-5.23429769043581
-0.5295364524713189
-2.483573664978021
-3.651719741613629
6.455928330308413
3.1002941833678954
-2.418723267634081
-9.180037049261822
1.363537023336523
1.6484670090459224
-2.431118269763255
-10.344337099596247
-0.13126706042599823
4.722396447105885
11.607541235930558
0.5408280777535142
11.521633569732819
3.3127199296711143
-18.719298126294305
-5.723751124846259
-8.123458713803348
-1.606432984259754
1.912316509981494
-27.269078882436816
