14.825406452726027
10.346269198207079
-32.95207569387717
15.401784673971765
-31.69450244763621
11.250148781224336
7.942117209681849
-29.61466738792877
-23.145646909609816
13.853951948950638
8.053600032037817
-16.437688143935766
14.91941015090351
4.4597370472683
-57.118413496707134
8.811534432546221
5.2140829004149145
-24.434424710231482
12.000830376567396
15.767230712331635
-37.04225195615803
8.736299822595605
6.369531344615263
11.280257827288526
14.6932132501272
5.092519383211977
-27.32300480175794
7.560580125291256
3.4097250013189564
5.465884374967334
-15.979780921645897
