-4.4928623110676105
18.174036174216713
7.618665244121013
-9.088460990280046
-7.7350301258015195
-3.481937214785553
11.537708998791253
15.283717862240916
-24.596251758451974
-3.065265586704573
2.5326522810020973
16.035895003547385
7.8566953097611565
10.373262283242699
2.613396754633918
-21.597942994798405
-5.8469837591321125
-8.433752762727526
4.478953855517682
1.240273397643511
-5.835471723405984
14.17660700609274
5.004961680521949
-4.883616840706427
1.3091750056586118
-3.7385177638787606
7.700188757827425
12.750395433360463
-19.92227684831263
-3.2228739926632177
0.9424239254619446
10.421530023426024
4.341063536737
6.957884098053757
-1.0470622626238781
-13.524412644381705
0.8819364529425138
-4.252718806963466
3.1703463917800474
-1.822791767957937
-5.484663925326355
16.453273811999743
7.7867372051743295
-4.58347481927004
-7.614390917558332
-1.586694552837436
12.348351094606823
12.510677617065944
-11.081153513569177
-0.6989799529557454
1.9236095272129952
15.096537288883116
7.7722045737402965
10.510692896546544
3.0810980147141374
-37.19769700968059
-4.608504655603955
-8.528007581187092
2.3399245221451697
0.9672300368684801
-3.125802942609999
11.327798145412615
2.325725481559445
-4.634967909030442
0.47702855810147193
-2.511754554171062
4.3464945673615345
8.00879954080909
-16.01715545325459
-3.2866045206980425
3.1974892776609507
10.450125509655042
0.4034065350123468
7.737762948964025
0.7474461154979106
-9.227150438440017
-0.825937053339358
-2.892107181646642
3.7193646738849377
-0.8131916397601286
-3.8060871962188534
14.255379430865041
7.313982969951432
-4.178785599948
-9.612679257923947
-0.7972367927945372
10.25691273044252
4.617688373489426
-9.710315547911406
-1.085074854221833
3.865859434344991
16.22285342250473
7.1620190927436145
10.869390689354987
4.31524487678311
-27.4530657485923
-6.727733723555586
-8.369119024989267
0.9330641867735919
1.334472199871349
-3.0516099175392655
9.80082898678901
0.5431468120663863
-2.5117137743379234
2.0277663202993925
-1.4043780305900273
3.316364707341653
6.515554566938034
-10.741032463998707
-2.858402665642979
1.300433629563201
7.325879377920858
-1.8960036359414763
6.522998617996166
0.6872042063244068
-7.879738072535016
0.41050021293119565
-0.9215465171447512
2.787130506850999
-0.5666132063229872
-3.728403000057213
12.598147627206854
7.830702046254263
-3.012935774799853
-10.376363509293592
-1.0918069091801288
7.14125703430456
0.8529923421923833
-8.34197234205324
-1.4997298059107949
4.5356739782692514
15.226842865608205
7.9900869139340545
9.911849871160987
3.7843171711937593
-20.267761592898704
-5.890786443374617
-7.95869072834403
0.6455456940299513
1.057804222726657
-1.8536719426805042
6.748417901157662
0.940528189197565
-1.9245402777820082
1.8681378057333191
-1.950132346059251
3.578845946606446
6.047567024786087
-7.459756539026737
-2.4287682357937306
1.1991097498479593
4.591197193635728
-1.803774558086002
5.022721961087373
0.5096442337506726
-6.063145035700943
0.661460754708173
0.27026843895567154
2.0311762006017102
-0.5785168039712165
-4.156337428502072
10.47906027418377
6.730046342451458
-1.2596722544296988
-7.127804419317946
-1.6964455518281785
6.136737391773686
2.8333018920072757
-6.57260420822888
-0.6364077498356384
1.9040632316069461
10.93023446109349
8.523053565116387
7.249013679032386
1.430110024591609
-13.223902482780124
-4.018902252350648
-6.6142091719383815
-1.3563445883017717
-0.14622109337522304
-1.606073360035535
5.7481564146661785
0.3116192308579102
-1.232782018193911
2.0877596631549182
-1.2753559699805352
2.7293933350296733
4.659748981002506
-4.677259700333503
-1.4685042632814511
0.7900314100853634
3.42024100516226
-2.085008079216088
3.8271847876644163
0.28131915349788716
-3.894827839074453
1.3424227420106485
0.70320518020547
1.1090438525255988
-1.3635448647788535
-2.529157760610034
8.916735409397841
5.759145316294386
-1.3112107035663
-6.517239474882631
-1.5857708282990715
5.056487881268641
2.110065464480589
-5.378657200749849
-0.9199597149743028
1.979670825869477
9.446410962534882
7.264687772773716
6.1461386259050705
1.3405452338471926
-9.726868093892584
-3.5542313508560355
-5.607489146540287
-1.2043585815562183
-0.14257671411213324
9.406769660845463
