-0.29486345912873746
0.8354884125561696
0.37035612177607125
-0.5049859025264247
-0.4013749591144157
0.5638578878381211
0.7418980834682419
-1.4689299408827565
0.6778235847266731
0.3775045079345041
-1.2863846786572912
-0.32802127039055035
-0.4761351721566276
-0.271255331217717
0.7837217533026063
0.36109301943811956
-0.1637896053693934
0.1720742451386751
0.4888756306334603
0.7558778385996687
-1.0143691905861805
0.5529653007765098
0.3308114542445515
-0.6950117959093463
0.12413298890352376
-0.3151037110013626
0.8198038290224845
0.422236369755671
-0.35771740496077786
0.6499783731352378
0.6506242768710181
-0.569836181301222
0.6997526881538542
0.4092415114535537
-2.4006010003930536
-0.2356045640615637
-0.4522104211515296
-0.1478281901394608
0.6244124357903019
0.20725871684303848
0.11516732734377096
0.29395218181561256
0.4971444828337386
-0.7828274431280569
0.1567652083043244
0.5479476373101779
0.1117922789457944
0.05351576282636303
-0.46650252895214167
0.017780072981300715
-0.254093446719456
0.6728849641640904
0.36810939686900807
-0.49283207718065464
0.5056952463864952
0.23455562024101106
-0.5506150862633127
0.7291116537494176
0.350106554711072
-1.6958367555925316
-0.4015483306401934
-0.48009572403185974
0.5450138772626179
0.10670378025774972
0.2431362243313155
0.4266905346391304
-0.4864481670247203
0.06220956982622579
0.38903251503240893
-0.3764414226476667
0.09108642537786416
0.03586023396883389
-0.25698995338700037
0.6069103414868973
0.40579470624735686
-0.5377417640319686
0.34804026801973503
0.055497759909433855
-0.5020064453189346
0.6761972136304645
0.4103584434686919
-1.1996078214031303
-0.3780953194313929
-0.4656824006585665
-0.13084719097109515
0.31999170938133814
0.12459456267687279
0.3310550352365916
-0.360925763776732
0.18665643072807284
-0.06885565771984524
-0.3187703400272974
0.03553492166907635
0.03270145834227825
-0.14078041337956326
0.6423424016827218
0.48220994876422546
0.009954433289368486
-0.24431794686412728
0.41363498866668086
0.2820521617002572
0.6043101765609794
0.557385536414198
-0.6544079706949368
-0.15853557117229772
-0.2898001077385375
0.3312435253114051
0.18488932267089797
0.3041097912929772
-0.13851892463396848
0.0651701959915565
0.20355017410876053
0.13136156834880097
0.12426677480271553
0.5661564849559859
0.44222052707958726
0.012624106973906646
-0.19550365000472789
0.24920767964038537
-0.22250435368688942
0.5588062253297099
0.4940929113534864
-0.22394229958685036
0.017083597680649376
