8
68
201
8
15
30
44
55
95
164
17
37
55
95
100
127
135
43
87
135
3
208
55
84
95
124
149
44
55
84
114
124
127
187
8
87
115
179
191
210
21
23
25
41
55
63
31
55
88
112
164
181
205
8
12
13
28
33
68
83
95
113
123
131
132
158
163
28
55
88
95
107
127
131
167
171
175
181
7
27
61
88
144
167
201
208
84
95
135
137
146
153
175
16
28
55
67
76
95
108
117
134
135
4
15
24
55
95
98
144
148
188
23
28
55
110
131
181
212
217
8
15
55
95
116
155
177
207
17
57
92
130
180
187
201
1
10
21
36
41
76
102
182
187
202
211
1
10
20
21
29
41
42
55
61
110
122
131
135
142
151
156
161
8
15
113
135
153
157
197
215
6
10
30
36
70
130
132
146
166
170
190
192
22
55
74
106
146
163
44
72
92
142
167
174
28
68
91
126
136
27
55
67
95
97
107
167
176
187
217
7
9
28
46
68
73
90
126
148
166
197
1
35
41
52
79
92
121
132
175
8
28
68
100
203
30
35
55
57
71
75
87
111
131
142
167
171
211
215
12
15
23
43
91
131
8
28
55
68
95
96
136
148
8
11
35
55
88
89
108
129
159
163
169
177
28
59
88
99
108
139
219
8
23
68
79
140
165
8
15
28
55
68
84
96
108
131
136
181
201
7
9
50
108
129
150
167
169
189
0
1
8
20
21
31
66
117
189
11
29
51
66
71
91
99
182
11
24
52
104
131
144
184
8
42
55
95
111
151
210
15
28
51
71
96
121
141
201
8
17
28
35
55
77
219
8
36
62
65
83
95
108
137
148
163
185
202
203
16
39
59
116
119
139
156
196
16
55
57
69
79
96
113
119
11
31
51
71
91
111
121
131
55
55
95
17
37
38
48
50
55
77
88
108
8
55
69
82
88
95
122
135
175
184
15
55
95
137
217
17
52
55
57
164
16
95
127
136
175
18
28
35
48
76
115
155
191
3
128
141
185
35
55
95
175
208
215
35
87
167
8
4
44
64
84
104
15
55
83
94
135
4
55
64
97
137
201
202
56
84
96
164
190
215
117
160
212
4
8
108
135
188
203
28
39
55
57
82
95
96
135
169
219
15
54
55
95
135
8
28
68
77
97
117
128
135
137
15
35
55
60
115
155
55
58
135
8
55
55
95
18
55
81
95
98
121
135
155
198
217
35
40
44
72
115
135
215
8
28
55
95
135
175
186
28
48
88
95
135
12
52
72
92
95
132
212
55
95
135
15
35
55
95
96
135
136
19
37
50
55
57
95
97
137
146
166
175
177
217
29
41
69
75
115
176
195
211
28
55
90
99
101
120
132
134
136
145
164
168
15
23
55
135
171
175
190
4
8
17
48
57
68
95
97
108
135
175
215
15
89
4
55
72
96
48
68
78
118
187
8
15
35
55
164
175
35
48
55
95
115
128
135
200
0
7
15
55
62
75
99
119
159
169
199
3
15
35
55
75
97
137
172
177
200
217
15
55
95
106
137
142
182
215
16
36
55
95
135
156
15
35
67
72
89
95
149
189
190
191
207
209
28
55
95
176
8
48
15
55
95
135
97
8
14
29
46
112
8
15
25
28
35
48
95
122
132
215
17
24
28
44
55
68
96
115
170
195
8
16
36
48
68
96
127
201
207
8
15
28
35
55
68
108
203
219
8
28
48
68
81
101
108
126
162
4
8
28
64
88
127
167
168
14
27
28
48
74
111
114
142
162
177
211
217
4
28
65
68
88
128
194
8
28
37
48
52
68
108
127
48
68
83
88
102
142
162
167
8
14
48
56
70
91
106
108
136
176
186
196
0
28
40
52
55
68
84
102
142
55
75
95
102
135
160
182
192
55
8
11
21
28
30
51
71
91
110
114
187
206
12
55
68
106
108
161
164
176
177
204
207
28
36
60
76
94
100
110
134
174
188
200
0
4
8
28
44
75
95
176
204
8
28
35
55
68
95
155
11
42
50
55
71
84
95
96
111
112
176
202
212
35
55
56
75
80
95
96
171
183
195
210
95
101
135
141
207
215
8
55
68
7
19
164
204
8
55
68
88
4
44
48
96
124
28
88
97
170
28
55
79
119
148
194
8
15
67
95
118
175
215
74
75
114
120
210
8
15
55
55
128
149
164
204
4
28
48
88
95
149
15
28
35
186
209
15
25
28
35
56
65
68
88
124
128
8
15
48
55
68
95
102
120
145
160
176
201
202
216
0
11
20
40
42
45
55
63
80
125
135
155
8
9
48
51
55
91
122
8
11
17
23
24
41
51
55
67
68
81
91
109
119
215
87
127
167
207
2
11
15
31
34
35
55
64
75
91
114
126
131
175
8
28
68
8
28
53
55
74
95
207
55
2
42
83
123
148
163
203
4
46
55
96
123
152
175
176
189
203
0
23
66
164
204
15
35
55
75
95
135
174
15
23
35
55
75
77
95
103
120
1
8
55
95
123
161
163
203
15
35
55
56
96
17
24
35
55
76
44
55
84
92
95
98
132
180
44
55
95
118
156
158
160
171
198
16
69
77
82
102
109
149
164
12
55
77
83
187
1
15
35
55
68
72
212
16
33
127
158
162
182
4
154
55
56
95
96
172
43
55
77
95
123
135
155
179
201
55
16
210
23
135
137
156
177
17
24
28
55
64
101
179
3
55
93
95
133
174
12
30
42
70
77
90
91
131
187
55
8
75
130
44
46
55
95
169
8
22
55
37
87
158
178
185
8
44
55
95
135
8
15
35
55
75
152
28
44
84
109
159
173
213
8
55
8
55
175
11
16
17
24
51
54
55
56
84
101
134
55
95
16
28
55
68
95
116
204
4
42
44
84
147
176
202
216
8
20
22
55
62
79
81
119
164
204
8
28
128
1
55
1
95
8
8
28
168
8
11
28
68
1
11
41
51
81
91
131
1
28
68
88
108
148
11
8
11
24
28
55
4
61
76
101
8
88
95
108
4
15
31
44
55
87
95
175
51
8
28
84
103
116
124
168
55
55
84
55
8
28
68
108
55
55
88
175
134
55
55
81
55
35
31
55
217
55
55
8
55
8
39
55
56
96
116
95
95
212
8
55
68
88
95
102
108
135
150
4
28
107
142
55
56
15
55
95
55
95
162
26
66
95
127
180
15
44
55
56
87
95
127
185
4
44
55
55
95
135
175
15
16
55
180
214
15
35
55
148
176
215
26
63
66
92
95
182
55
37
55
126
131
135
44
55
63
84
203
15
55
8
15
55
137
15
55
3
15
35
55
89
218
15
35
55
95
9
43
55
69
126
219
15
55
81
15
55
75
15
55
27
55
75
107
127
135
167
182
3
44
55
84
101
23
63
28
55
8
28
91
8
28
81
124
15
35
55
21
61
62
85
197
215
28
55
87
95
23
95
133
44
127
131
186
191
211
55
95
111
151
55
124
135
175
28
51
8
16
43
55
88
96
84
88
97
146
188
205
37
55
77
84
97
164
204
4
30
44
84
109
132
149
4
15
55
15
35
55
75
115
55
95
135
55
72
95
109
15
35
55
15
55
84
164
8
35
55
71
75
124
15
55
15
35
55
141
55
135
8
28
211
55
204
8
116
55
55
95
135
198
122
215
8
95
55
95
15
55
127
8
135
15
55
85
95
15
35
55
79
87
15
55
95
8
124
15
55
95
8
55
154
164
167
207
8
15
16
55
56
135
136
176
216
48
55
95
135
40
57
120
211
5
12
21
41
52
83
89
120
55
1
17
39
42
79
84
107
121
159
171
193
194
199
55
95
175
14
15
31
35
55
95
114
135
155
194
22
32
42
82
119
4
15
55
95
28
55
68
95
35
41
48
55
56
76
116
124
128
148
156
188
15
35
55
75
95
115
4
15
44
55
83
84
124
151
185
208
212
11
31
36
51
56
71
76
84
111
151
191
21
46
55
121
216
4
9
21
29
41
49
81
106
107
121
149
161
163
8
15
28
68
88
128
195
203
55
95
206
11
56
95
107
110
135
168
177
17
21
41
55
80
84
141
176
216
28
55
68
8
28
55
95
148
44
8
15
66
116
15
35
39
40
44
55
68
95
135
17
55
95
135
175
199
7
8
20
48
55
72
149
214
217
15
18
26
31
38
55
74
95
114
121
135
151
175
194
15
55
31
55
73
76
95
98
135
69
124
142
8
3
8
15
28
68
108
1
35
41
44
61
95
102
162
8
28
35
44
55
56
67
68
95
37
44
57
97
177
199
8
40
43
55
95
55
16
95
15
55
83
84
95
135
175
218
4
15
95
122
9
15
28
35
44
68
95
181
189
201
202
68
84
186
1
8
11
15
20
28
42
68
71
87
116
148
192
43
87
55
95
8
55
15
35
55
115
95
135
175
215
8
15
28
68
108
148
188
4
24
40
52
59
196
200
8
55
99
122
124
131
17
44
108
121
123
161
201
16
55
8
55
55
16
35
61
193
8
15
28
33
37
55
57
92
97
132
137
141
150
171
172
188
190
212
44
124
214
8
28
41
88
90
95
96
114
135
154
192
194
23
87
115
181
84
124
4
8
24
44
107
187
8
95
126
11
51
67
91
11
51
68
84
190
191
27
128
129
134
174
53
133
217
1
21
52
61
121
134
214
84
168
179
11
31
71
182
219
139
179
219
6
123
203
1
41
152
79
144
73
89
113
129
197
162
64
132
172
26
103
146
157
197
172
212
67
22
119
18
38
78
110
118
158
91
171
4
41
81
35
72
132
172
11
24
64
144
166
184
206
27
171
118
121
161
198
201
7
13
27
33
47
64
73
190
26
115
145
189
189
62
5
129
75
155
141
13
24
38
165
47
21
1
118
172
179
32
51
186
191
16
36
207
39
90
101
130
197
4
16
189
1
15
16
21
56
61
77
117
150
151
157
166
175
52
118
158
166
1
32
45
52
132
161
172
192
195
201
12
30
51
52
72
79
101
111
112
161
172
11
61
71
111
144
171
184
211
22
74
136
145
7
185
7
23
27
49
147
1
14
21
41
74
114
171
1
145
161
1
19
175
197
202
76
116
166
3
23
43
103
67
87
127
207
7
27
43
83
86
126
32
72
92
132
164
53
76
93
105
172
33
39
69
73
167
193
2
62
72
187
203
1
41
81
121
141
133
190
103
86
153
161
211
136
41
46
81
178
186
184
41
91
201
211
42
67
82
184
187
27
117
7
16
27
47
62
96
102
176
67
83
140
156
163
71
29
69
149
7
22
62
76
84
124
142
10
30
50
90
47
107
123
161
163
209
213
26
62
66
146
152
174
192
7
27
47
114
13
81
22
53
73
133
172
64
81
212
2
22
42
62
122
6
46
1
1
21
81
121
3
74
163
203
38
78
206
41
61
67
141
170
181
2
24
50
64
96
97
144
163
184
203
10
36
53
76
115
116
129
138
141
161
169
21
73
163
181
203
13
33
46
53
173
184
213
7
47
67
73
81
133
147
167
191
41
80
120
160
55
64
68
81
140
7
27
42
64
31
135
190
80
146
180
6
21
66
81
11
12
31
52
71
92
119
132
11
192
41
193
159
199
215
162
202
212
106
45
125
165
180
51
91
7
11
31
46
73
86
171
67
165
212
99
139
7
27
67
164
194
1
21
41
16
56
46
46
126
47
184
1
91
211
12
81
91
93
133
177
184
185
11
22
31
35
91
131
162
6
11
31
46
71
91
93
131
154
48
99
177
207
70
13
33
53
93
173
28
30
110
128
168
192
26
52
66
92
132
12
87
92
132
152
212
214
86
5
25
45
116
126
166
206
52
207
96
136
212
126
6
46
106
13
30
32
33
90
120
136
152
176
184
190
67
75
120
121
195
164
53
93
177
1
86
148
3
43
123
163
203
107
156
184
187
7
27
67
148
36
52
152
190
195
203
171
15
27
52
55
67
91
96
176
187
3
23
83
151
167
28
68
122
143
162
183
187
32
72
112
152
207
23
140
190
4
24
36
86
120
136
1
41
81
1
21
41
201
41
107
147
8
167
8
11
28
36
116
4
7
8
47
81
160
80
81
2
8
41
55
82
122
135
207
8
28
212
1
36
41
81
107
116
7
24
27
107
201
27
67
172
6
26
46
95
135
1
8
30
41
95
175
7
27
47
68
1
21
41
81
121
201
27
8
102
11
31
8
81
96
121
161
201
27
47
95
201
8
55
68
108
3
8
21
28
61
68
1
21
27
28
41
47
67
81
55
6
26
47
55
91
96
131
216
97
161
7
27
107
147
55
8
55
11
71
192
106
1
161
55
11
91
201
52
51
28
68
197
12
57
8
201
1
72
1
92
95
211
11
61
172
91
55
212
27
47
83
173
17
87
177
8
132
8
24
55
6
86
126
166
28
8
68
142
27
28
113
55
172
8
28
71
55
191
1
21
11
8
1
8
27
55
88
7
91
131
8
68
87
166
1
21
41
15
47
1
41
61
91
55
1
41
55
68
8
28
55
68
108
55
217
7
8
27
28
70
47
52
55
90
191
86
8
161
8
215
11
17
57
120
160
177
27
41
50
97
108
215
8
28
55
147
8
55
7
27
52
92
97
132
172
6
28
68
121
148
188
132
172
176
212
81
55
95
132
172
1
7
12
81
55
176
211
1
21
95
27
55
68
95
151
201
7
27
75
95
100
203
51
61
28
81
7
11
28
63
124
136
211
139
142
1
41
101
121
84
1
41
81
121
161
202
2
8
22
42
22
28
41
81
121
170
1
21
41
81
161
8
68
81
1
8
21
28
101
55
1
21
41
55
100
1
41
81
21
141
161
47
143
183
52
55
8
55
1
6
8
41
161
36
87
116
122
132
156
201
1
28
41
55
81
95
121
8
95
1
27
47
55
95
174
1
8
21
61
101
61
101
55
95
112
174
7
47
176
1
8
28
7
32
107
14
81
121
67
147
55
82
95
122
135
92
8
10
41
81
121
101
1
2
8
22
121
211
1
27
41
81
121
201
8
26
136
176
6
44
155
176
216
8
55
147
7
15
28
55
108
135
8
55
95
8
7
8
24
28
41
47
81
107
148
161
27
55
76
107
116
152
156
172
4
84
95
175
1
8
28
41
55
68
121
161
201
8
28
55
95
136
150
190
200
216
8
28
95
68
95
135
8
55
75
100
135
8
6
46
55
8
28
7
32
52
67
172
7
27
28
47
68
81
8
28
41
95
0
1
32
68
72
114
140
154
215
11
95
145
161
181
201
206
1
21
40
51
84
160
55
120
161
197
208
215
1
88
120
126
132
166
1
102
20
172
212
55
150
186
8
68
124
132
172
24
21
150
166
27
121
161
175
212
8
1
61
1
21
28
41
81
12
32
131
28
132
0
15
7
41
47
2
51
55
60
76
126
157
202
1
15
21
41
81
126
191
62
91
99
139
1
16
23
41
64
104
148
160
171
1
55
81
2
8
46
84
134
140
171
0
119
187
6
7
21
47
146
31
71
80
86
111
120
201
7
8
27
47
82
87
122
162
202
1
21
201
1
41
101
172
27
47
56
102
164
170
182
210
214
217
57
67
92
121
8
95
135
175
215
11
55
95
8
16
41
0
40
61
81
121
159
50
51
61
70
140
166
181
206
210
7
13
28
81
111
140
147
150
157
193
8
55
62
68
92
99
108
120
122
168
1
8
21
28
90
95
130
169
1
19
32
50
61
71
131
136
211
11
30
31
50
13
53
71
83
88
101
111
117
128
140
151
26
37
66
86
97
137
7
27
48
68
57
12
28
47
87
92
127
156
177
196
27
60
61
107
131
207
43
172
1
47
107
41
55
76
81
95
8
95
41
50
90
1
21
41
61
2
7
47
8
47
87
116
156
176
196
216
80
81
88
100
120
121
160
161
201
208
7
201
177
204
1
12
27
55
172
7
41
81
92
103
196
27
1
17
81
217
7
163
2
22
62
124
210
66
91
128
63
91
122
7
11
20
40
81
100
156
96
101
1
21
28
41
61
116
163
0
7
8
12
27
28
51
55
131
21
110
217
8
68
95
137
181
131
8
28
68
108
7
32
0
11
20
51
53
160
167
0
8
60
101
137
140
173
177
207
210
8
11
131
212
18
34
37
65
74
79
94
134
154
188
20
55
95
131
1
21
41
92
56
76
116
156
196
21
41
61
101
2
6
11
19
59
62
99
106
119
139
162
171
179
27
43
83
150
163
195
203
1
21
81
101
121
206
1
21
41
81
121
132
152
81
121
161
26
37
55
77
95
120
137
209
23
41
81
146
7
55
1
26
28
61
66
68
91
137
6
37
46
76
87
108
187
215
55
95
28
55
61
142
1
12
52
161
189
201
8
28
91
161
7
47
80
87
127
183
28
61
68
52
1
29
41
68
81
148
155
171
212
1
21
41
61
95
121
208
214
8
175
215
1
21
81
181
64
1
165
190
202
215
6
75
115
17
57
74
97
135
150
182
196
21
61
101
141
181
28
117
157
96
140
180
90
150
15
55
95
135
175
215
95
107
113
172
212
7
8
15
27
55
67
107
109
8
20
60
67
1
8
0
55
80
55
0
20
40
55
21
37
95
131
202
8
41
55
77
120
52
94
111
168
214
1
28
30
67
111
151
189
200
197
111
122
189
11
51
91
131
55
82
8
11
51
55
71
91
55
95
14
20
32
33
51
80
91
100
104
120
124
131
147
148
204
207
208
1
15
17
41
46
61
81
84
86
97
124
126
2
7
22
33
44
53
66
82
84
102
116
126
156
157
166
196
11
24
27
81
90
107
121
124
127
163
203
15
21
55
117
135
140
175
215
4
21
35
55
75
121
124
135
164
167
172
190
192
197
200
31
34
80
120
157
161
207
2
3
81
83
99
143
164
179
183
186
7
27
35
41
44
47
55
82
87
164
174
44
71
107
115
122
144
147
162
0
20
22
42
60
80
82
91
100
122
172
187
1
4
11
31
68
108
109
128
12
21
24
35
44
81
110
179
193
210
0
6
15
40
46
80
84
86
91
121
122
182
197
52
59
92
99
217
7
23
47
75
119
155
171
183
197
199
21
35
67
82
91
131
148
171
188
8
22
46
101
126
128
139
166
184
48
102
112
147
152
182
42
77
80
108
122
151
162
191
192
202
15
16
19
116
136
6
41
46
47
97
116
137
161
162
176
208
217
22
37
91
108
134
147
162
171
8
23
28
47
68
108
191
199
7
8
27
67
81
92
95
128
161
162
128
166
210
14
34
92
134
1
8
21
161
212
2
7
27
31
47
7
17
24
52
74
97
104
106
146
186
216
1
7
144
161
184
7
27
47
62
67
107
116
147
167
191
1
41
56
60
71
120
140
141
149
161
189
201
14
21
55
120
121
199
1
21
41
46
62
81
121
161
120
160
11
27
126
131
171
23
21
81
86
126
166
7
131
37
81
216
7
51
71
131
1
72
81
4
18
20
38
44
48
55
115
7
27
30
50
75
90
95
108
115
131
188
8
28
48
75
88
114
115
155
7
28
95
135
55
84
37
47
54
77
110
168
208
15
35
72
91
112
131
1
41
81
42
55
82
122
35
37
117
28
55
30
40
41
50
54
70
80
120
172
184
212
29
55
69
95
175
35
114
7
55
7
8
28
41
42
47
48
62
140
149
157
177
181
189
8
48
55
48
71
111
125
161
21
41
91
201
160
212
8
194
201
48
50
0
8
15
39
55
68
108
111
164
170
8
28
20
55
62
82
95
131
212
8
31
71
95
171
8
28
81
27
81
130
132
161
170
172
200
201
212
12
52
64
92
104
212
8
28
95
28
68
16
46
81
86
161
166
4
66
76
92
132
190
192
212
40
83
110
120
177
217
24
41
47
81
95
127
131
153
167
203
1
21
41
47
61
101
121
201
7
10
32
47
167
90
130
170
192
63
109
163
202
1
41
61
101
82
179
186
201
219
41
55
66
77
101
162
95
135
21
33
61
94
51
161
195
11
20
44
67
100
128
140
24
37
41
55
148
197
1
41
55
81
121
11
14
41
81
121
8
20
28
95
8
31
67
147
177
192
217
12
51
57
68
71
137
160
172
2
6
26
46
86
197
1
41
68
151
192
7
27
47
55
67
68
95
131
135
166
174
215
2
47
55
96
147
216
8
16
31
107
111
135
8
82
95
122
15
55
97
8
28
8
20
148
154
216
51
8
28
8
27
48
64
107
20
62
101
127
168
26
42
51
91
200
0
134
91
1
55
87
195
64
78
144
184
197
1
41
68
81
121
8
91
40
107
148
1
14
21
41
1
11
41
91
206
8
68
108
134
208
214
9
48
87
121
124
204
55
55
95
32
55
95
29
40
42
44
69
146
160
162
201
151
191
157
181
55
95
41
81
86
97
157
217
3
27
47
77
160
177
21
27
35
92
190
8
28
55
211
51
55
8
15
74
114
154
204
4
106
146
162
172
8
28
68
8
48
95
110
132
6
7
8
27
46
48
84
86
87
95
117
8
77
162
31
47
51
91
211
8
27
32
47
85
152
46
55
8
55
96
17
92
137
155
177
217
8
27
88
163
203
156
190
1
8
16
27
92
121
132
144
172
7
11
17
207
209
6
11
31
34
74
88
128
170
8
10
63
84
124
46
60
86
87
115
127
204
20
27
40
47
116
131
132
217
11
31
73
80
131
42
55
80
82
120
122
124
128
162
0
20
40
55
80
120
121
41
44
146
7
11
67
86
87
88
196
206
211
61
8
95
55
61
101
26
46
86
206
4
47
107
161
95
8
88
92
2
7
157
41
55
101
121
7
47
52
35
95
176
216
55
8
17
31
55
68
80
86
92
116
120
148
188
191
1
10
30
34
132
172
51
55
91
131
8
16
91
140
197
11
131
133
160
171
211
7
8
12
27
46
47
60
83
135
175
197
52
73
91
92
103
128
171
199
211
2
8
73
94
107
134
171
211
27
67
102
107
147
163
14
36
52
91
112
154
161
163
192
216
34
40
8
88
101
120
141
148
160
188
211
15
55
71
99
117
3
8
43
83
87
91
93
133
141
160
212
11
15
28
55
95
140
0
1
21
41
55
60
71
81
91
193
7
41
44
47
67
132
168
191
42
61
75
115
139
145
179
184
198
0
50
61
65
80
87
120
136
163
167
176
216
40
47
80
81
203
8
28
61
101
126
146
164
171
181
99
111
139
213
50
131
146
37
44
46
47
86
87
111
123
126
161
167
0
14
32
52
54
60
114
172
1
7
20
21
40
72
80
161
0
8
26
35
36
55
106
117
130
140
147
149
172
186
207
215
28
55
84
95
135
22
28
41
62
100
121
171
1
4
10
19
20
24
28
32
39
44
76
130
147
150
167
211
215
0
10
11
19
20
31
40
60
88
91
100
140
154
219
25
51
67
131
147
201
2
7
32
35
63
80
97
160
172
174
200
207
39
47
55
71
111
119
151
210
47
67
78
118
147
154
158
187
77
139
20
55
146
20
40
54
74
87
95
127
140
167
190
207
21
41
81
94
181
202
20
67
99
107
132
139
147
172
210
212
52
92
123
132
163
172
4
8
12
14
24
40
55
67
84
94
95
96
107
113
135
161
214
217
8
51
75
148
153
159
161
184
201
15
30
40
95
101
201
87
201
21
67
107
117
132
172
2
22
42
62
82
91
111
162
197
211
27
36
132
139
152
156
215
44
47
55
81
81
95
181
41
46
86
97
151
7
32
92
191
4
7
8
14
197
21
24
81
161
184
7
10
27
47
60
67
80
90
100
140
147
187
7
28
47
132
172
212
17
61
66
106
108
126
141
159
166
181
187
206
210
7
20
26
27
61
62
67
87
107
124
32
51
52
92
131
12
32
51
52
92
132
7
27
47
67
68
107
162
173
20
27
47
67
104
107
129
131
152
169
208
1
21
87
111
151
86
89
126
132
169
172
17
50
90
112
140
156
206
95
2
22
42
90
102
2
8
12
15
52
55
92
117
132
171
172
214
55
59
91
132
172
48
51
128
168
20
55
181
24
64
108
119
144
148
1
8
24
28
61
103
116
122
131
157
162
200
202
20
54
57
87
107
133
134
150
207
9
55
149
171
1
47
55
68
148
159
168
188
21
88
136
168
1
21
41
53
61
81
101
108
22
28
42
52
63
68
77
81
91
96
117
162
171
197
7
8
27
32
68
136
139
150
177
27
48
54
55
87
94
95
172
174
68
136
216
8
11
12
32
117
160
168
191
1
27
51
81
82
121
131
181
183
207
8
28
31
48
88
128
0
10
40
48
61
81
128
142
161
166
182
206
1
21
41
62
81
121
131
142
161
22
55
144
212
8
16
36
104
19
31
37
41
55
88
128
168
199
1
47
171
208
28
51
68
108
146
171
172
208
1
6
200
201
40
68
82
108
120
148
188
8
28
68
108
148
188
1
21
55
61
127
141
169
3
4
55
57
71
97
131
204
217
1
7
27
32
34
47
57
137
140
147
187
1
21
61
94
101
51
55
166
206
11
51
71
131
191
135
167
216
21
41
61
112
121
133
161
181
201
211
1
2
41
42
81
82
201
1
21
121
161
37
201
8
55
12
32
71
72
172
212
1
6
55
119
146
41
67
121
136
161
72
91
7
28
190
211
22
62
132
26
46
11
51
1
96
117
176
194
199
95
135
4
41
44
50
81
91
97
129
131
171
208
56
80
84
120
147
187
216
8
11
28
51
55
56
95
111
131
1
21
28
41
55
61
68
128
219
8
20
28
55
188
14
26
28
34
41
46
68
74
81
86
108
201
1
10
15
30
35
55
115
135
147
21
28
30
55
62
63
81
95
135
152
162
192
202
8
16
36
76
116
162
197
204
35
75
55
95
41
46
51
81
7
27
1
21
28
61
150
61
81
157
46
126
166
0
40
80
115
170
172
188
190
207
22
51
62
82
122
162
171
202
7
8
104
168
172
197
203
12
52
154
12
77
86
111
166
32
101
141
36
101
106
8
28
47
91
150
190
197
202
217
1
8
55
2
9
42
82
133
173
91
129
94
0
8
20
37
68
77
108
122
202
7
27
67
92
107
165
197
95
95
55
131
11
147
0
10
11
20
51
80
140
155
160
41
81
28
68
8
20
40
120
122
166
206
197
2
92
122
157
2
31
51
120
131
190
91
6
26
66
131
61
101
120
201
8
56
63
117
157
124
197
27
157
171
197
1
121
51
128
146
154
162
171
202
2
8
18
22
7
147
187
1
21
61
86
7
27
55
95
1
41
146
162
55
92
41
42
81
7
135
212
55
27
55
131
1
55
68
91
108
161
202
48
172
47
52
67
92
175
8
28
47
21
55
55
165
212
55
51
8
108
121
21
1
55
95
26
55
47
55
61
132
6
97
172
15
29
116
123
31
51
91
211
6
33
46
51
53
91
115
166
161
30
70
69
109
174
190
214
55
95
164
55
7
51
55
68
91
175
8
128
131
139
1
21
206
31
51
208
168
1
41
121
1
21
51
91
144
8
88
177
217
28
55
75
51
83
91
123
55
55
219
55
187
41
161
201
140
161
166
182
201
1
21
61
55
168
27
1
41
61
101
13
55
81
82
168
202
8
48
88
208
8
135
55
11
48
51
211
140
171
199
1
41
121
161
172
57
1
21
47
1
7
21
27
41
107
168
51
184
72
91
21
41
60
1
171
181
211
1
17
81
121
47
72
183
201
7
147
202
7
8
28
117
137
1
15
21
24
1
162
8
47
59
127
180
12
32
171
47
48
51
68
91
107
135
168
13
119
172
212
122
130
8
122
162
8
17
77
100
116
117
131
167
200
6
26
28
46
81
148
212
12
121
123
175
196
215
79
117
121
130
137
148
177
180
8
68
106
123
132
147
212
15
21
107
108
147
13
21
27
28
41
51
93
133
8
51
55
62
70
131
132
135
171
172
207
208
212
215
5
35
55
85
95
97
130
137
160
173
177
0
8
20
28
40
48
60
84
90
108
130
160
167
177
81
91
81
176
55
21
8
43
95
8
1
20
21
46
55
132
55
101
55
150
44
0
8
48
57
67
71
80
147
187
46
86
171
8
28
68
79
91
179
55
41
121
211
8
28
61
1
21
55
1
41
81
1
21
28
55
81
101
121
41
101
1
21
41
61
81
81
1
21
41
1
41
81
121
161
1
21
46
21
32
47
70
90
128
140
161
201
8
28
68
90
136
170
210
57
152
8
15
152
41
55
1
81
121
41
55
135
41
44
180
1
70
91
126
16
21
172
196
13
23
61
134
141
15
55
195
1
55
6
26
46
126
130
136
166
176
216
6
46
86
1
42
55
135
21
44
51
81
84
129
169
55
95
175
13
8
101
12
150
53
122
202
121
152
55
95
176
150
190
41
171
211
1
8
121
147
15
67
75
107
27
44
67
164
67
92
107
117
137
147
172
0
7
20
147
68
128
1
60
61
95
100
135
4
13
84
91
131
212
21
41
61
141
41
110
197
66
128
143
108
8
90
100
110
142
150
157
16
106
1
41
98
144
206
207
8
55
95
104
83
91
157
41
0
28
61
210
148
7
8
55
68
7
87
127
183
55
91
30
95
135
192
1
80
121
1
6
7
8
55
8
28
55
135
132
214
7
1
11
187
95
27
71
91
131
55
52
197
182
46
87
119
127
55
42
7
13
27
47
175
1
27
97
196
8
40
212
8
55
83
97
137
177
26
27
46
57
86
141
37
41
161
172
177
86
166
212
8
104
210
142
55
8
68
95
1
8
11
57
91
131
137
37
77
117
148
157
197
0
129
4
16
28
36
76
8
28
68
81
41
88
92
128
168
20
60
120
147
1
21
161
46
47
51
61
101
126
131
201
11
20
61
74
81
101
122
162
202
14
92
132
172
31
67
81
101
121
147
161
181
1
8
13
61
68
95
101
103
123
128
171
180
203
211
7
22
46
87
126
166
10
13
15
33
55
111
122
130
134
170
174
209
19
81
12
52
92
128
132
62
90
97
196
7
12
27
47
52
91
132
1
41
61
95
182
8
68
101
167
212
55
124
131
7
27
39
55
95
135
195
60
164
197
7
8
28
41
68
20
95
131
132
135
2
22
27
28
42
107
47
55
176
216
1
8
177
55
95
124
164
177
219
123
125
137
170
177
217
7
27
47
150
11
46
17
180
46
131
8
28
91
101
121
154
16
27
36
42
1
27
31
41
67
76
193
6
8
28
46
86
126
0
11
20
51
91
93
164
1
84
95
107
42
60
92
96
135
171
191
196
22
23
28
61
68
101
111
170
7
8
36
217
12
32
51
91
154
27
67
0
1
156
55
100
8
28
48
68
7
8
48
84
95
124
8
40
44
84
8
27
81
95
172
21
41
81
84
124
55
82
95
157
8
28
159
200
84
91
124
164
8
11
27
60
64
75
91
124
131
135
87
95
91
101
116
131
156
187
196
2
6
82
122
166
190
206
72
75
120
216
7
27
111
172
188
55
93
127
133
55
67
1
21
31
41
7
10
27
47
50
146
1
2
7
12
14
21
41
80
97
120
214
3
4
43
124
164
175
98
132
39
62
124
143
37
40
107
162
197
208
1
27
55
95
187
4
7
48
57
97
101
132
217
8
28
48
50
88
90
110
130
140
204
55
95
55
95
28
55
75
35
214
11
0
4
20
21
32
52
64
72
144
184
2
8
42
48
52
60
76
82
87
100
122
92
132
188
212
20
40
80
1
201
202
24
55
117
157
184
217
8
21
207
7
10
27
28
30
47
127
142
210
8
162
175
187
215
1
31
37
52
121
188
201
21
55
81
95
101
111
134
135
161
174
175
201
7
132
147
48
120
0
40
47
134
157
8
55
91
131
41
81
27
48
60
104
163
61
101
212
1
26
41
61
81
161
211
16
68
188
8
21
28
168
8
16
47
48
55
68
74
131
171
35
55
95
148
8
36
76
28
108
150
27
197
7
46
144
124
146
180
204
214
54
82
151
8
44
155
4
8
48
64
88
128
147
195
27
101
121
141
184
201
86
166
48
77
88
113
127
133
157
167
194
197
207
41
56
81
86
96
121
161
201
210
7
12
27
32
72
112
155
2
25
42
85
125
26
27
121
211
15
28
35
55
59
86
126
151
1
16
41
56
61
96
134
181
200
119
217
60
91
120
183
219
8
12
60
121
132
134
1
21
47
61
72
101
121
141
144
201
2
6
49
80
89
122
156
157
160
162
196
207
10
51
91
106
131
136
216
2
13
15
22
33
35
42
53
66
75
82
116
156
157
162
200
34
51
91
131
207
23
24
44
103
141
155
164
168
171
2
42
82
142
179
182
202
87
127
132
172
212
4
7
47
98
104
118
2
26
32
116
126
156
190
196
112
164
12
47
56
132
172
1
21
34
81
121
124
127
174
10
37
50
150
155
168
190
208
2
9
16
42
51
71
82
91
162
11
91
131
171
179
219
2
110
114
150
187
37
39
75
79
93
130
155
173
199
11
27
47
67
107
131
147
148
31
51
91
122
132
141
151
171
207
42
51
55
62
71
75
82
91
122
147
191
6
46
66
86
106
206
11
16
62
82
102
111
122
151
11
31
41
55
61
9
49
69
89
95
109
156
171
189
209
15
35
41
55
75
100
140
180
42
102
142
182
43
51
83
171
211
1
51
111
171
193
6
15
203
13
21
94
141
1
8
20
36
41
66
86
88
176
216
20
32
81
177
201
1
7
21
41
61
81
93
121
133
213
1
28
35
41
61
172
190
1
41
93
19
32
59
132
139
2
42
61
94
101
122
166
181
22
67
91
122
150
211
72
130
1
21
41
61
101
166
4
10
41
50
57
81
121
161
200
201
7
47
131
162
0
11
86
100
120
121
180
182
204
212
1
20
21
47
76
101
160
161
172
211
28
82
107
132
147
188
212
219
0
1
52
147
159
160
161
201
16
18
38
58
136
178
198
37
81
97
117
124
137
1
13
21
33
41
53
73
81
113
121
136
144
153
193
65
125
126
145
206
28
41
102
202
12
51
52
92
112
192
71
111
19
42
88
122
162
208
42
62
82
84
94
162
202
81
181
11
31
51
71
91
111
131
171
21
23
47
61
81
92
143
161
214
28
32
47
71
77
97
111
137
147
151
208
212
8
28
68
82
96
142
156
161
187
191
8
22
28
48
68
81
111
139
162
176
183
202
1
27
41
66
122
123
160
162
200
201
17
50
51
52
58
69
90
91
92
137
144
148
151
172
177
217
8
17
48
81
82
95
117
121
133
161
171
177
201
217
219
1
21
41
51
61
91
101
141
181
8
28
88
110
128
156
168
3
45
73
83
144
184
190
200
7
41
81
107
154
187
206
86
41
58
115
121
161
169
184
201
209
1
35
146
175
186
196
1
4
11
41
84
144
170
7
11
47
50
91
101
110
132
150
172
6
24
64
87
137
144
157
166
177
184
187
197
205
3
7
61
63
66
67
107
129
163
2
24
47
64
104
107
126
144
166
202
0
1
7
17
27
67
84
108
139
35
88
115
128
168
187
208
0
20
40
60
72
80
100
132
160
195
209
27
41
47
60
67
80
81
87
107
120
147
27
33
47
51
53
64
73
84
86
124
2
42
47
102
127
136
152
167
207
8
28
95
122
162
167
176
202
2
7
28
42
77
136
162
182
7
22
35
49
55
82
122
124
147
36
40
55
76
122
140
144
156
184
196
1
8
34
68
81
94
111
120
148
151
181
8
21
31
131
1
95
2
55
192
21
59
8
47
69
103
122
143
189
207
8
28
43
68
70
110
111
191
202
4
24
27
33
42
81
101
104
141
157
181
213
12
52
57
77
87
97
124
127
131
135
137
164
177
217
4
55
175
15
55
75
86
135
35
55
91
117
135
137
157
175
34
44
134
137
140
12
14
46
92
131
153
213
6
26
46
86
61
67
72
73
92
107
112
137
11
24
51
104
131
12
14
32
52
72
123
134
27
67
83
94
128
134
164
174
187
196
214
8
55
21
28
68
124
132
21
22
41
58
91
133
137
172
176
7
47
107
129
136
160
28
63
68
108
111
129
148
151
169
15
55
95
120
135
136
167
175
215
15
27
52
55
95
103
135
150
175
195
215
8
31
51
91
91
1
24
41
42
90
101
107
121
150
187
201
24
52
64
71
92
93
104
132
184
212
213
7
11
27
107
108
111
131
187
72
100
112
140
160
212
31
71
91
121
151
41
104
121
141
144
161
56
104
129
144
184
1
2
56
72
112
121
144
152
18
83
116
123
134
147
203
10
60
70
110
121
140
152
161
180
205
71
111
121
148
151
174
180
188
204
1
3
21
41
61
81
86
161
201
3
24
71
107
132
161
183
207
212
1
11
21
26
46
131
141
148
11
28
32
41
43
51
55
57
61
72
101
152
161
201
211
7
33
4
13
24
47
106
133
187
20
29
111
117
145
157
171
51
66
91
111
167
207
4
11
32
117
156
157
176
197
216
22
51
88
128
168
188
208
70
94
115
155
190
39
51
119
159
195
199
11
21
31
51
71
91
111
207
20
23
40
80
91
107
124
160
180
200
203
7
27
67
87
147
161
189
201
11
27
47
51
101
131
171
211
1
7
27
67
71
79
101
161
1
17
21
37
41
56
85
135
205
6
7
21
27
61
66
124
210
217
10
21
30
63
70
113
143
7
8
10
27
61
72
73
152
177
32
43
51
92
119
126
152
166
8
55
95
15
96
136
17
27
52
57
77
216
11
24
51
106
152
201
8
55
204
28
55
132
83
111
129
153
55
97
124
177
195
8
55
84
110
21
27
47
71
84
131
171
187
211
55
1
54
60
112
134
141
169
55
54
74
94
114
216
48
116
183
196
22
42
61
77
82
91
206
9
81
121
47
72
91
112
131
136
143
152
176
203
3
44
72
135
181
211
215
16
41
47
61
87
101
110
141
147
151
191
200
21
61
86
101
141
181
1
12
21
24
41
77
101
113
123
141
191
192
113
153
193
213
26
59
66
99
106
181
48
208
7
27
181
11
31
51
126
90
210
51
54
124
1
108
186
55
95
46
104
116
136
144
7
13
67
73
107
110
120
141
186
211
58
122
131
134
161
162
184
202
3
7
12
27
67
83
107
123
142
147
172
201
6
34
46
76
86
126
216
2
42
82
11
46
64
66
83
171
188
14
41
54
61
95
101
141
6
80
86
122
126
139
97
132
172
7
27
47
56
60
107
170
1
2
42
43
44
82
83
123
180
6
8
28
35
54
80
108
179
11
32
51
91
132
155
219
32
36
69
129
169
197
207
76
97
107
137
161
187
7
93
101
107
207
32
52
107
27
47
81
123
187
203
26
52
77
15
21
61
70
75
92
109
117
132
141
172
175
3
43
44
143
164
195
213
8
40
41
50
70
81
100
101
110
161
181
190
217
52
86
92
184
209
212
20
22
42
62
102
103
120
182
207
24
40
60
62
87
131
153
184
193
211
1
21
64
170
135
156
22
28
35
44
55
68
95
157
160
200
36
47
50
70
108
110
151
170
106
126
146
10
65
129
169
12
24
32
92
144
184
192
200
160
93
133
156
170
198
210
7
27
67
72
81
106
184
7
27
47
67
2
21
42
81
21
71
88
154
1
81
101
130
199
211
217
46
62
87
98
111
131
138
166
211
46
51
86
126
161
166
201
46
48
86
88
126
166
208
82
94
11
91
121
131
12
32
47
52
72
87
167
207
11
51
59
7
8
28
48
55
68
88
122
157
160
200
215
4
17
24
27
57
88
128
144
168
208
27
131
147
156
27
91
7
27
107
122
81
101
141
161
201
42
87
200
121
147
161
201
121
201
15
28
35
55
95
135
162
48
76
121
136
11
26
86
138
151
195
211
2
42
82
102
162
180
213
46
101
141
151
201
42
82
111
199
1
28
42
50
61
82
101
115
122
130
141
181
4
44
50
70
71
90
111
124
150
210
19
21
53
55
62
73
91
119
193
12
52
108
172
2
42
62
102
114
142
182
66
146
184
205
21
61
94
47
67
100
162
219
52
183
0
7
8
14
47
72
188
1
21
7
8
41
67
130
151
160
161
88
163
208
7
51
70
88
3
47
111
143
162
41
81
121
171
14
34
67
134
160
174
1
41
81
121
8
107
13
93
144
184
7
8
28
135
175
8
28
68
2
28
68
93
133
141
181
202
61
207
8
28
55
24
130
6
28
46
55
55
8
131
141
156
55
166
7
47
55
95
55
55
104
214
127
55
116
59
86
126
36
11
31
55
8
28
95
55
84
86
95
124
191
3
46
155
6
19
154
171
172
197
212
7
27
7
7
27
163
27
91
131
147
46
86
126
71
113
153
191
1
8
21
28
181
2
46
86
208
6
46
81
92
132
161
166
172
184
187
201
12
132
172
212
41
132
27
147
202
212
86
52
206
55
1
52
132
172
42
81
122
162
171
87
120
131
52
107
21
27
51
121
161
2
26
122
161
0
47
89
100
201
212
41
46
8
28
68
88
108
202
8
11
12
44
52
61
68
84
8
28
48
88
92
108
124
128
132
212
15
28
55
100
147
190
197
8
21
141
181
1
8
28
55
88
8
12
66
106
112
123
137
157
27
77
116
124
137
190
217
131
156
167
1
21
61
43
163
62
89
102
128
144
168
198
208
9
29
49
89
6
46
49
89
191
39
147
181
187
216
2
22
42
46
102
122
7
27
47
67
121
187
6
26
46
67
147
197
47
184
19
27
29
67
71
107
114
147
174
179
1
64
104
15
116
179
15
55
95
135
28
40
68
106
120
126
172
6
16
26
46
86
12
29
141
181
201
111
4
6
24
70
77
95
149
177
31
67
102
121
134
174
190
54
75
94
107
134
11
13
31
33
164
21
147
117
197
11
91
131
1
21
41
61
121
145
181
201
1
2
46
86
143
183
204
17
41
44
57
66
86
106
124
127
146
151
204
210
211
47
61
147
117
120
135
148
201
204
1
20
30
47
70
72
77
81
90
91
106
110
150
151
8
20
28
51
55
68
89
91
101
121
131
135
141
168
3
11
28
31
71
143
8
11
28
31
51
68
84
11
17
23
31
51
71
81
84
121
137
177
8
11
28
57
63
71
80
83
103
211
217
3
11
31
33
51
97
104
137
173
177
194
4
8
28
51
104
8
23
28
31
51
68
137
187
188
3
8
11
23
31
51
81
84
121
141
161
6
24
42
46
128
201
68
81
84
121
37
101
124
164
172
180
2
8
34
60
74
108
180
196
11
51
60
100
124
134
159
184
214
9
121
150
157
7
8
115
130
155
157
28
55
128
177
29
55
116
170
171
186
188
210
55
121
188
6
32
70
86
126
171
207
41
85
89
145
185
3
28
43
55
95
135
197
203
11
31
60
4
14
24
26
34
84
87
104
116
127
145
151
0
11
12
22
31
64
77
91
108
128
132
150
160
180
199
200
6
55
95
148
14
116
131
162
171
191
1
9
11
29
41
61
114
116
147
154
156
161
166
194
11
32
48
51
60
63
144
211
212
28
21
41
61
141
15
20
35
55
60
75
155
156
195
206
1
3
11
20
36
41
76
95
157
176
195
2
21
22
42
61
82
94
113
181
202
164
26
41
54
121
169
201
48
50
55
70
76
80
88
120
1
41
116
161
201
207
3
11
26
71
72
112
172
31
112
120
152
6
86
126
61
62
141
151
191
35
57
91
100
111
137
175
177
217
2
22
82
122
162
202
27
91
170
94
55
95
110
4
41
44
56
68
71
82
110
137
184
202
211
219
28
41
202
1
22
37
52
117
121
141
157
181
84
90
112
117
128
131
137
157
194
201
28
55
81
95
112
160
1
41
67
121
186
1
114
131
141
151
152
212
22
55
115
28
68
108
8
41
197
8
91
1
4
21
41
55
81
101
131
8
26
28
35
55
148
82
100
133
152
162
182
1
64
81
95
101
15
35
55
95
68
131
157
11
27
46
101
148
1
47
201
171
65
105
196
1
8
28
32
48
141
181
27
55
95
55
41
7
28
42
126
3
55
15
17
38
48
55
79
135
140
211
55
2
46
86
166
206
71
41
121
161
8
41
15
55
95
135
15
96
1
108
55
95
202
6
22
26
27
55
56
66
102
106
0
2
11
22
55
62
91
102
8
11
28
101
121
161
84
8
15
55
81
95
108
8
1
41
21
41
61
91
31
184
8
15
28
35
48
68
115
187
8
42
48
52
92
148
8
9
29
55
95
175
194
35
75
96
115
28
55
80
91
116
171
177
188
8
28
102
108
142
148
166
35
62
102
108
142
168
169
175
44
55
15
55
63
86
87
127
144
184
106
55
95
135
175
215
4
8
55
167
4
36
55
102
115
155
216
163
175
15
55
161
55
95
8
27
84
1
19
201
6
21
61
121
141
26
8
164
41
121
57
95
135
55
83
95
124
28
44
48
55
68
84
15
35
40
55
59
75
87
92
111
140
154
163
185
2
7
19
20
22
40
60
137
142
157
159
189
205
1
28
61
64
70
81
90
104
121
161
164
204
1
25
41
65
174
214
9
49
87
107
109
169
5
8
15
25
28
55
66
215
1
17
108
140
211
