3.30016674718135
20.307643994545543
4.734434536153629
-17.204444030430682
-17.58569828783762
1.5245682045476254
8.443987744570995
10.363074434209807
-47.41841592112757
-3.782864434811266
14.310888148234502
23.553785022495074
4.183991712062541
18.02607926059144
9.474132279767192
-46.74562055156532
-13.893753043431191
-15.402051989713847
9.670256817632609
7.1643571101934
-0.5461592971666227
15.22900708025762
1.9414868030277366
-10.268308553312472
-3.3740787733277533
-0.5101548104711572
3.689677716575279
7.672591251764317
-39.208334150236745
-4.711384714269478
10.35065000103772
16.067182611959588
-0.3784099359466624
11.456371165638373
2.7481043555079885
-30.94079789125603
-5.825996386177028
-9.671133099215385
8.357108942741146
0.9470954361380293
0.501920016413111
18.41312985909439
6.95929818268848
-9.63286871170818
-16.722504487332376
5.656878257881206
9.191112685540348
7.098879995050825
-23.090869078239145
0.037995784019123846
13.110903765212864
21.84976087199068
3.243592456511165
18.13217460927038
8.007954792311473
-74.09636904191105
-11.830680282070903
-15.064412995679072
5.641182920221726
5.617438154003736
1.9866733732594835
10.703692273027889
-1.2858469273177842
-9.919565380424118
-3.797093069098313
1.3101772966164773
-0.050372166071943614
2.862972426763694
-32.53431562680743
-5.631845383414965
12.132008502292118
15.977390240949322
-4.383300704055186
11.538388278673944
5.062062559224104
-22.40282268399593
-8.449176025550036
-9.256095915531283
7.511141616008914
1.6504450687191947
1.2865663031489976
13.765050729741258
6.1250971582263
-9.660042520341293
-17.177475092302664
6.12546984460312
6.396763240703153
-2.3733915433093022
-19.644780450810153
-0.7749420520104762
13.915633372523677
22.426539359821298
0.9733239344340947
19.20306188370833
9.355363663423397
-54.044795078898964
-15.071134491216021
-15.296070593956708
2.6132121462252655
4.881067939555551
-1.04670619383845
9.145268780893979
-2.0309509162486865
-6.42610036549492
-1.0106277162383712
-0.34930956880779274
-0.487058862591625
2.518770635358955
-22.342520453536398
-4.295211485301382
6.988206002246068
11.27985449611134
-4.883735901299733
9.941837170376695
3.321065252361513
-19.213921316060457
-5.995628850851437
-6.7092271335302005
3.4756502373928155
1.1448639423270333
-0.3153467453407264
11.793480386557903
6.324421711077765
-7.051861681296296
-17.79697518984539
5.88615079487756
2.645675505057891
-7.1769317369086325
-17.022684594219143
-0.9072171409398866
13.163546697026984
19.48294268314998
1.4283263098506707
17.095509020535257
7.256521698007171
-42.29423816309044
-12.666881642678394
-13.99890162152742
4.0741476949093824
3.1048337680641973
-0.555438449710739
5.278586602448198
-0.7999118518104695
-5.371931298527715
-1.3664252624910058
-1.2489020945387497
0.9719650267043085
2.36597522933575
-16.52285878092654
-2.2729924271165904
5.237565764571784
7.330607162584504
-2.690468440095127
7.946193298405684
2.441079817667336
-16.746286073809834
-5.749907275202938
-5.7093877580401
1.2391212790243142
-0.7520667152036609
-3.528934731694549
8.867230198455296
4.168163527401829
-3.5676439491436587
-11.679938272447492
0.690681526288106
1.377660533607746
-3.5047572887317773
-12.755481905548779
0.041895572225260524
8.009164374362271
13.92192316921572
1.8184317049906267
13.739284631541356
3.508741217861363
-26.760041934653046
-8.549032014472635
-10.781761473780834
-3.183817815720389
1.1927506835128248
-2.1380570109774455
5.218732364673968
-0.9976158008524996
-5.160309397326028
-0.7718494047599909
0.003913130970752521
0.48956541210843785
1.2753025603415011
-11.996636407444093
-1.5690452423778325
3.6289105429066697
5.607776471710764
-3.041173990514185
5.721640734003312
1.163240357845131
-12.339276936890453
-4.27139062199746
-5.344864660916506
0.06394791416113654
-2.518292261396496
-2.970757814552065
6.984879029056291
3.570790251750991
-2.1530179761948074
-8.681212823326305
1.8363103014389184
1.9813520986658997
-2.0065841399940902
-10.04632241299917
0.20597084158127754
5.2688043824287405
12.114858442366167
1.0098685105572884
13.05296839577265
3.997811941069106
-18.216708735049927
-5.1993331164239684
-7.560938079691846
-0.7545743598783375
2.6567683505565456
-26.97548224666606
