-44.12061760494833
178.6275572780224
74.91052129909816
-94.46883889135037
-80.06580027018657
-49.52373563356889
115.39801855440669
149.00923747828486
-248.9914267558433
-35.18691381937486
27.210964143265862
159.52019407164622
76.90073389258556
125.33194727768914
29.05854438270171
-221.99017120757108
-59.59566610998347
-85.69719368409064
66.74361468970639
14.053699439554217
-57.23771762640464
139.7739199402297
49.54060767373488
-50.91099935256487
11.41828764417982
-52.14527688313403
76.94815995861293
125.06430106285057
-200.98054348920476
-36.08084454024871
11.440627695380474
104.4896880016075
42.5573918110736
83.29700233388712
-8.07498226269371
-138.88231860355006
9.183938137624207
-42.96164421053355
47.94592960379977
-17.260858364604985
-53.588145878402955
161.69252779206022
75.89744381983508
-48.05710763867752
-77.71763184540279
-20.946897373089357
123.22766595901669
121.7025588447626
-111.595265903714
-7.276752523773078
21.15307494068661
150.49515590035762
75.79473572478636
126.8749234574751
34.137330247908665
-390.2728923621588
-46.60423455363467
-85.53786703369255
35.43390566534578
12.312141290348706
-30.071583183404424
111.73524118313247
21.47158725901324
-49.47225634714748
2.778796565035627
-33.45214343183907
41.23653636081541
77.26598201135299
-161.71727765490132
-38.117182089535476
33.44451685455786
104.470226019732
2.6068126413481707
91.59251439988296
9.843558778980652
-95.32649356591516
-8.7975035034646
-29.633297001518947
54.44621275560393
-7.179579521688016
-37.39323639645105
140.21426910046392
71.60686324268482
-44.82813770911889
-98.71287510970855
-10.10052560670513
102.38252968424582
44.75354502597858
-98.4105397889686
-12.463078278571693
40.26227610362698
161.00894184629357
68.82464116063247
129.57801246952957
46.320413345254714
-283.6000361956019
-68.54486163061271
-84.61141744172832
16.026224224968402
14.811660483827303
-29.9049860400864
96.66969158552445
3.896504113574661
-27.478846813128122
18.178978918528607
-18.10475242446389
31.179369578388112
62.60698793522071
-108.39308322642901
-33.36200333862766
14.519574755863342
73.83745869888251
-20.58321393040321
77.08368737793855
8.477183336050727
-81.2884272961105
2.8900262970438213
-10.165013819755025
41.227480667170326
-4.161947845140393
-35.5559271433812
124.18340839450953
76.31100661720772
-32.88025119740784
-106.26953359315218
-14.353820593169399
70.68881611719954
7.022109546419998
-84.37670394515654
-17.940904704566808
47.178815509982826
151.6907296831077
77.76701384625113
118.4578132252318
40.94675652322978
-208.91918140802062
-60.17373251583756
-80.72297488149498
11.359100132064842
12.712128917024017
-18.0764033575835
66.73184778277859
8.828127899815794
-21.58458580975773
17.221343823513493
-24.368708398084134
34.404221903904094
58.20417246631918
-75.55769060818695
-27.439196839888286
13.48067827963278
46.966261828192955
-19.53039677150903
59.831827006822586
6.459076869282871
-62.74374747880345
5.21992426751245
1.583621875504413
32.8579223652796
-5.363628574705809
-40.02028632786737
104.30834921664098
66.79429090942084
-13.954945308256246
-72.8546669705591
-23.13535182046481
61.115331498072564
27.72177307043388
-66.6127494055841
-7.552956968899791
20.988149491042492
109.94691436957449
83.52069214654044
86.76062192786843
16.69224723246161
-135.3209913655934
-40.0345629768925
-66.4493954954425
-15.279484017055623
0.4916893246014027
-14.796840396578336
57.53044506990624
2.329681667506417
-13.669651689788317
19.4639073572445
-14.346375494921174
25.944029503099358
44.84005649084858
-47.437302071298845
-16.518961416321602
9.294511829634246
35.14516701990049
-22.103234106801622
44.39072404057609
4.810800875097799
-41.68536889293202
12.270866130395497
6.9091837864389305
18.155175653697807
-13.402146825664909
-22.380122384805382
89.26939027279067
57.55998816103774
-14.454826703481666
-65.31454919747955
-21.318940066723705
51.63703148708082
21.2485739076398
-53.54600101137275
-10.763178410102057
22.308950942629526
95.63661975986906
72.2336439620527
75.249510072615
16.2154452270325
-99.43824416929726
-35.30937480954829
-55.465286293261165
-11.79640483990269
-0.3620665424547145
97.12466852997858
