2.615092497531866
21.82822681162915
5.647988046919025
-16.028871465097897
-17.77090610641259
1.015969761233193
9.210623156816439
11.746528191741035
-46.990111699605194
-2.8026062092475446
14.310165270302809
24.489906094724354
5.009849234767552
13.009046822579757
8.006658945856373
-43.386494206161885
-14.017834478817948
-15.572137004267963
4.866524234310935
6.030779240185602
-1.3113246859300816
16.40051964056993
2.5221256244510113
-9.754601433349482
-2.928951785009701
-0.21797388877115575
4.491616170751929
8.802190132370916
-39.355982788857354
-3.5631388095329815
9.975507693648424
16.519585920100802
0.1006888559965673
8.255030233237346
1.5433629422307895
-29.242889861355806
-5.785212940958958
-9.76165090567601
3.95178740105263
0.5777096240181483
-0.5850349659641481
19.79315068124414
7.8013760395991225
-8.749037624758193
-16.847844593078687
3.104981327181927
9.863343574705896
8.332263468783147
-23.539259527092113
0.34336502766085686
12.764438549312688
22.68680963541426
4.20482391282691
13.084944639512557
6.853412998742678
-67.26299597577619
-11.911321968792059
-15.265007957151084
2.1944987732190473
4.351491123396212
1.4788557241239175
11.755786650622426
-0.7585219204599385
-9.040365372728813
-3.1312874104513804
0.388357641790265
0.8060887567782644
4.262913110184462
-32.54917743518172
-4.177035213582812
11.812750277995843
16.52309872479965
-3.946753243367415
8.170506168211762
3.935096618994803
-21.535537355195938
-8.426157430341846
-8.990072674531296
3.3962352051631974
1.2436163161635987
0.41102993169523483
14.982094538166352
7.060167882139654
-8.281635695319155
-17.123798983196483
3.7906645735457793
7.319998745311062
-1.6144743074683534
-19.78356152281053
-0.2568347778069593
13.592916937647313
23.39087858731174
2.043897865683018
13.96200127135953
8.136076833337311
-49.93282745370467
-15.274760113298836
-15.30686226148907
0.45127369370118786
3.652151394182868
-1.6724949221174445
9.544185218062164
-1.5823632647194907
-5.5818275687393655
-0.17258464683979335
-0.33152870586813477
0.4534636779853378
3.5483470152377468
-22.73503400056155
-3.0888137253943233
6.494090667897671
11.555249092086399
-4.552211894097271
6.813082462844517
1.958598080939291
-18.353382826874935
-5.928026626401091
-6.600140521732305
0.846242457028832
0.603547170250585
-1.2999745678989392
12.754973775075758
7.404507301145198
-5.8601988343190525
-17.554064811609983
3.389410649614724
3.7115913839318457
-6.585764939514964
-16.857186301056252
-0.38964240947962003
12.918759618790904
20.37534578877672
2.641794497259627
12.589280680690543
6.4370398939380955
-38.593291505184396
-12.659088615934365
-14.44184795920468
0.8634364760388892
2.373317017926848
-1.0565521149552666
5.462966000625157
-0.30254238049696003
-4.656199350230423
-0.6605564613974195
-1.584972272877377
1.630127745850086
3.3895208667665866
-16.940860336750823
-1.7084862999999308
4.655809014392074
7.463437817381491
-2.453702808058697
5.377009180617608
1.2364598682522185
-15.825720575261572
-5.598151120277347
-5.543811792739981
-0.407403772884803
-1.2579740689676902
-4.722850000696056
9.251267164816934
4.625349529427956
-2.5032971518575353
-11.393263669624316
0.6175582871366248
2.1228453513398233
-3.4000651438796186
-12.37474443304221
0.2207232866873141
7.466680562766038
14.430039972464218
2.716849706098584
9.755508960806056
2.860957311676631
-25.511241375768332
-8.61299114564656
-11.400230013107906
-3.35194811352704
0.4212480529163214
-2.9848952413560883
5.389793524007814
-0.8648288170508676
-4.631085016150479
-0.064618756232798
-0.6025951175969878
1.0949888974564392
2.2195442900171996
-12.266631985182148
-0.9965799133801283
2.949498196177761
5.675277623049804
-2.7551379269083998
3.9175798293407094
0.27606867227029097
-11.969958521865623
-4.1068983857476775
-5.1716098451798995
-1.2495910019069587
-2.639923364774922
-4.980817022790774
6.477148554304603
2.9704043724308637
-1.8808635968024285
-9.233813944120493
0.8873777794467758
1.9192457179758802
-2.186240900022394
-10.314168979886535
-0.2146202750260915
4.115782792676125
11.800336780794346
0.8870214184175103
8.667876930861791
2.189168884201272
-18.39960369914048
-5.973569954594395
-8.678868300444234
-2.171324910329839
0.910215446418273
-28.781602860985004
